task:
  data_collection_time: 12
  policy_execution_time: 20
  joint_pos_init: [-0.13935425877571106, -0.020481698215007782, -0.05201413854956627, -2.0691256523132324, 0.05058913677930832, 2.0028650760650635, -0.9167874455451965]
  module: 
    _target_: task_modules.pd.PdTask

model:
  lr: 1e-5
  epochs: 100
  batchsize: 100
  n_in: 14
  n_hiddens: [100, 50]
  n_out: 7
  filename: "model.pt"
